634
941
141
504
259
52
650
113
481
381
76
911
124
672
170
163
26
103
111
458
233
97
567
486
418
492
735
171
603
564
574
588
856
66
443
466
470
444
578
302
177
5
212
300
28
734
814
405
836
925
863
420
21
781
906
790
272
992
312
226
555
238
814
762
303
608
228
124
52
157
426
228
514
989
879
541
722
693
946
910
969
160
681
341
940
586
130
211
929
793
436
483
30
601
597
685
209
824
808
612
332
233
191
845
222
421
738
295
465
683
556
433
842
237
773
781
174
254
343
103
399
130
937
428
731
533
112
291
708
272
254
40
504
444
236
77
216
973
372
681
655
927
465
848
515
238
980
689
843
322
791
241
452
727
21
534
260
132
824
319
403
77
358
259
872
594
335
87
918
58
767
573
337
232
772
851
821
752
539
15
425
681
256
876
408
628
409
19
759
584
337
514
12
695
124
883
640
458
970
909
868
88
833
204
671
605
406
491
356
297
858
780
977
465
8
384
92
768
402
850
352
91
715
363
137
838
598
128
648
919
36
867
6
869
422
677
473
827
519
180
123
376
959
100
840
966
835
931
86
589
133
789
679
199
503
815
389
100
294
388
18
329
254
376
197
675
52
669
853
922
848
976
650
159
427
489
476
613
772
561
201
256
349
231
806
204
397
194
303
690
581
673
19
186
48
567
860
99
236
65
372
435
40
21
945
818
510
421
430
633
333
983
240
34
213
45
237
962
239
891
651
171
563
21
357
610
588
568
60
175
632
432
609
23
452
906
192
313
678
622
945
10
956
536
395
168
581
631
481
171
874
132
341
436
504
49
46
91
969
105
265
952
536
226
975
988
131
166
652
808
139
597
169
94
132
564
614
64
546
94
234
419
577
927
207
81
327
252
523
295
356
788
247
244
365
573
583
847
90
234
6
229
182
174
674
666
89
639
729
987
85
315
757
661
241
963
93
567
214
616
214
922
755
460
165
471
384
747
317
473
980
322
53
162
847
727
179
288
717
907
274
801
221
30
462
813
345
906
380
558
873
593
831
979
404
347
449
139
93
117
611
425
438
16
938
637
94
116
924
810
22
549
611
595
930
424
407
274
329
138
184
554
730
14
532
485
361
333
623
805
449
586
229
239
601
518
227
46
633
150
855
7
698
465
953
627
240
359
253
921
497
436
474
578
801
357
415
513
689
389
318
490
974
898
728
926
768
954
971
400
455
178
758
504
642
710
482
234
421
734
154
269
521
627
846
322
335
612
834
24
1
503
865
326
401
944
604
168
249
574
919
703
751
29
206
745
90
39
330
510
773
483
130
293
461
328
966
795
939
800
170
291
654
34
617
54
977
220
573
225
145
844
279
248
224
836
344
313
875
673
175
647
507
304
291
967
983
257
113
922
408
283
212
61
316
180
467
645
751
391
869
248
234
500
495
809
335
190
122
209
214
648
855
720
303
498
38
286
754
150
207
513
784
770
573
452
950
391
96
52
782
316
299
367
815
793
176
150
334
297
358
547
296
565
618
598
414
655
883
519
157
89
31
940
211
955
391
160
346
486
211
127
154
862
493
968
6
668
469
340
316
827
238
611
743
208
209
156
214
91
674
370
532
56
310
742
10
52
253
355
890
815
481
43
676
326
362
682
993
831
21
661
9
610
623
103
817
831
610
31
274
283
752
805
338
61
898
347
465
150
54
354
964
886
748
992
211
109
673
556
291
45
216
651
654
838
753
823
21
714
853
294
996
604
450
685
17
347
384
833
848
437
186
163
322
933
154
885
393
178
440
36
222
7
686
228
196
791
50
216
504
254
861
852
209
310
888
577
8
623
409
855
411
946
370
85
230
523
969
623
701
408
10
274
766
47
501
961
837
902
177
693
155
37
896
716
699
783
644
706
758
53
913
168
998
634
252
228
156
220
202
208
979
211
482
744
257
334
705
446
236
233
490
742
621
737
809
319
871
453
377
628
505
641
796
854
274
47
433
781
619
986
989
597
548
822
693
157
507
749
602
742
981
443
836
953
179
644
272
49
448
1000
677
952
640
824
158
913
870
942
693
840
928
33
789
475
206
481
631
713
581
584
806
913
378
641
865
556
637
488
957
84
487
985
388
478
808
897
390
29
838
435
869
765
819
9
240
25
841
222
737
421
806
894
333
183
535
549
91
523
37
399
958
875
383
345
353
542
593
94
570
431
880
790
195
699
150
786
75
990
8
811
410
165
704
94
699
590
995
789
464
383
187
422
257
921
118
961
462
711
55
384
141
286
525
687
336
675
473
410
