1
5
6
6
6
7
7
8
8
8
9
9
10
10
10
12
14
15
16
17
18
19
19
21
21
21
21
21
21
22
23
24
25
26
28
29
29
30
30
31
31
33
34
34
36
36
37
37
38
39
40
40
43
45
45
46
46
47
47
48
49
49
50
52
52
52
52
52
53
53
54
54
55
56
58
60
61
61
64
65
66
75
76
77
77
81
84
85
85
86
87
88
89
89
90
90
91
91
91
91
92
93
93
94
94
94
94
94
96
97
99
100
100
103
103
103
105
109
111
112
113
113
116
117
118
122
123
124
124
124
127
128
130
130
130
131
132
132
132
133
137
138
139
139
141
141
145
150
150
150
150
150
154
154
154
155
156
156
157
157
157
158
159
160
160
162
163
163
165
165
166
168
168
168
169
170
170
171
171
171
174
174
175
175
176
177
177
178
178
179
179
180
180
182
183
184
186
186
187
190
191
192
194
195
196
197
199
201
202
204
204
206
206
207
207
208
208
209
209
209
209
211
211
211
211
211
212
212
213
214
214
214
214
216
216
216
220
220
221
222
222
222
224
225
226
226
227
228
228
228
228
229
229
230
231
232
233
233
233
234
234
234
234
236
236
236
237
237
238
238
238
239
239
240
240
240
241
241
244
247
248
248
249
252
252
253
253
254
254
254
254
256
256
257
257
257
259
259
260
265
269
272
272
272
274
274
274
274
274
279
283
283
286
286
288
291
291
291
291
293
294
294
295
295
296
297
297
299
300
302
303
303
303
304
310
310
312
313
313
315
316
316
316
317
318
319
319
322
322
322
322
326
326
327
328
329
329
330
332
333
333
333
334
334
335
335
335
336
337
337
338
340
341
341
343
344
345
345
346
347
347
347
349
352
353
354
355
356
356
357
357
358
358
359
361
362
363
365
367
370
370
372
372
376
376
377
378
380
381
383
383
384
384
384
384
388
388
389
389
390
391
391
391
393
395
397
399
399
400
401
402
403
404
405
406
407
408
408
408
409
409
410
410
411
414
415
418
419
420
421
421
421
421
422
422
424
425
425
426
427
428
430
431
432
433
433
435
435
436
436
436
437
438
440
443
443
444
444
446
448
449
449
450
452
452
452
453
455
458
458
460
461
462
462
464
465
465
465
465
465
466
467
469
470
471
473
473
473
474
475
476
478
481
481
481
481
482
482
483
483
485
486
486
487
488
489
490
490
491
492
493
495
497
498
500
501
503
503
504
504
504
504
504
505
507
507
510
510
513
513
514
514
515
518
519
519
521
523
523
523
525
532
532
533
534
535
536
536
539
541
542
546
547
548
549
549
554
555
556
556
556
558
561
563
564
564
565
567
567
567
568
570
573
573
573
573
574
574
577
577
578
578
581
581
581
583
584
584
586
586
588
588
589
590
593
593
594
595
597
597
597
598
598
601
601
602
603
604
604
605
608
609
610
610
610
611
611
611
612
612
613
614
616
617
618
619
621
622
623
623
623
623
627
627
628
628
631
631
632
633
633
634
634
637
637
639
640
640
641
641
642
644
644
645
647
648
648
650
650
651
651
652
654
654
655
655
661
661
666
668
669
671
672
673
673
673
674
674
675
675
676
677
677
678
679
681
681
681
682
683
685
685
686
687
689
689
690
693
693
693
693
695
698
699
699
699
701
703
704
705
706
708
710
711
713
714
715
716
717
720
722
727
727
728
729
730
731
734
734
735
737
737
738
742
742
742
743
744
745
747
748
749
751
751
752
752
753
754
755
757
758
758
759
762
765
766
767
768
768
770
772
772
773
773
780
781
781
781
782
783
784
786
788
789
789
789
790
790
791
791
793
793
795
796
800
801
801
805
805
806
806
806
808
808
808
809
809
810
811
813
814
814
815
815
815
817
818
819
821
822
823
824
824
824
827
827
831
831
831
833
833
834
835
836
836
836
837
838
838
838
840
840
841
842
843
844
845
846
847
847
848
848
848
850
851
852
853
853
854
855
855
855
856
858
860
861
862
863
865
865
867
868
869
869
869
870
871
872
873
874
875
875
876
879
880
883
883
885
886
888
890
891
894
896
897
898
898
902
906
906
906
907
909
910
911
913
913
913
918
919
919
921
921
922
922
922
924
925
926
927
927
928
929
930
931
933
937
938
939
940
940
941
942
944
945
945
946
946
950
952
952
953
953
954
955
956
957
958
959
961
961
962
963
964
966
966
967
968
969
969
969
970
971
973
974
975
976
977
977
979
979
980
980
981
983
983
985
986
987
988
989
989
990
992
992
993
995
996
998
1000
